gg_ttxg 3 0 0
smin 3 | 12 | 20 | 24 | 
smax 3 | 0 16 | 0 8 | 0 4 | 
p 3 | 0 12 0 0 | 6 20 1 1 | 6 24 2 2 | 
f 3 | 24 2 2 | 12 0 0 | 20 1 1 | 
t 12 | 6 28 1 2 4 24 | 0 24 2 5 16 8 | 6 24 2 5 8 16 | 0 28 1 2 16 12 | 6 12 2 17 8 4 | 6 28 1 2 8 20 | 0 20 2 9 16 4 | 6 20 2 9 4 16 | 6 12 2 17 4 8 | 0 28 2 1 16 12 | 6 28 2 1 8 20 | 6 28 2 1 4 24 | 
d 6 | 12 4 8 | 20 4 16 | 24 8 16 | 28 4 24 | 28 16 12 | 28 8 20 | 
channel 15 | - 0 - 0 1 - | - 0 - 0 2 - | - 1 - 3 4 - | - 2 - 5 6 - | - 2 - 5 7 - | - 1 - 3 8 - | 0 - - 9 - 0 | 1 - - 10 - 1 | 2 - - 11 - 2 | 2 - - - 3 2 | 0 - - - 4 0 | 1 - - - 5 1 | 2 - - 0 - 2 | 0 - - 3 - 0 | 1 - - 5 - 1 | 
tau 1 | 0 | 

gd_ttxd 3 0 0
gs_ttxs 3 0 0
smin 3 | 12 | 24 | 20 | 
smax 3 | 0 16 | 0 4 | 0 8 | 
p 1 | 0 12 0 0 | 
f 2 | 24 1 1 | 20 2 2 | 
t 6 | 6 28 1 2 4 24 | 0 24 2 5 16 8 | 6 28 1 2 8 20 | 0 20 2 9 16 4 | 0 28 2 1 16 12 | 0 28 1 2 16 12 | 
d 2 | 12 4 8 | 28 16 12 | 
channel 5 | - 0 - 0 1 - | - 1 - 2 3 - | 0 - - 4 - 0 | 0 - - - 1 0 | 0 - - 5 - 0 | 
tau 1 | 0 | 

gu_ttxu 3 0 0
gc_ttxc 3 0 0
smin 3 | 12 | 24 | 20 | 
smax 3 | 0 16 | 0 4 | 0 8 | 
p 1 | 0 12 0 0 | 
f 2 | 24 1 1 | 20 2 2 | 
t 6 | 6 28 1 2 4 24 | 0 24 2 5 16 8 | 6 28 1 2 8 20 | 0 20 2 9 16 4 | 0 28 2 1 16 12 | 0 28 1 2 16 12 | 
d 2 | 12 4 8 | 28 16 12 | 
channel 5 | - 0 - 0 1 - | - 1 - 2 3 - | 0 - - 4 - 0 | 0 - - - 1 0 | 0 - - 5 - 0 | 
tau 1 | 0 | 

gb_ttxb 3 0 0
smin 3 | 12 | 24 | 20 | 
smax 3 | 0 16 | 0 4 | 0 8 | 
p 1 | 0 12 0 0 | 
f 2 | 24 1 1 | 20 2 2 | 
t 6 | 6 28 1 2 4 24 | 0 24 2 5 16 8 | 6 28 1 2 8 20 | 0 20 2 9 16 4 | 0 28 2 1 16 12 | 5 28 1 2 16 12 | 
d 2 | 12 4 8 | 28 16 12 | 
channel 5 | - 0 - 0 1 - | - 1 - 2 3 - | 0 - - 4 - 0 | 0 - - - 1 0 | 0 - - 5 - 0 | 
tau 2 | 0 | -5 | 

gdx_ttxdx 3 0 0
gsx_ttxsx 3 0 0
smin 3 | 12 | 24 | 20 | 
smax 3 | 0 16 | 0 4 | 0 8 | 
p 1 | 0 12 0 0 | 
f 2 | 24 1 1 | 20 2 2 | 
t 6 | 6 28 1 2 4 24 | 0 24 2 5 16 8 | 6 28 1 2 8 20 | 0 20 2 9 16 4 | 0 28 2 1 16 12 | 0 28 1 2 16 12 | 
d 2 | 12 4 8 | 28 16 12 | 
channel 5 | - 0 - 0 1 - | - 1 - 2 3 - | 0 - - 4 - 0 | 0 - - - 1 0 | 0 - - 5 - 0 | 
tau 1 | 0 | 

gux_ttxux 3 0 0
gcx_ttxcx 3 0 0
smin 3 | 12 | 24 | 20 | 
smax 3 | 0 16 | 0 4 | 0 8 | 
p 1 | 0 12 0 0 | 
f 2 | 24 1 1 | 20 2 2 | 
t 6 | 6 28 1 2 4 24 | 0 24 2 5 16 8 | 6 28 1 2 8 20 | 0 20 2 9 16 4 | 0 28 2 1 16 12 | 0 28 1 2 16 12 | 
d 2 | 12 4 8 | 28 16 12 | 
channel 5 | - 0 - 0 1 - | - 1 - 2 3 - | 0 - - 4 - 0 | 0 - - - 1 0 | 0 - - 5 - 0 | 
tau 1 | 0 | 

gbx_ttxbx 3 0 0
smin 3 | 12 | 24 | 20 | 
smax 3 | 0 16 | 0 4 | 0 8 | 
p 1 | 0 12 0 0 | 
f 2 | 24 1 1 | 20 2 2 | 
t 6 | 6 28 1 2 4 24 | 0 24 2 5 16 8 | 6 28 1 2 8 20 | 0 20 2 9 16 4 | 0 28 2 1 16 12 | 5 28 1 2 16 12 | 
d 2 | 12 4 8 | 28 16 12 | 
channel 5 | - 0 - 0 1 - | - 1 - 2 3 - | 0 - - 4 - 0 | 0 - - - 1 0 | 0 - - 5 - 0 | 
tau 2 | 0 | -5 | 

ddx_ttxg 3 0 0
ssx_ttxg 3 0 0
smin 3 | 12 | 24 | 20 | 
smax 3 | 0 16 | 0 4 | 0 8 | 
p 3 | 0 12 0 0 | 6 24 1 1 | 6 20 2 2 | 
f 0 | 
t 2 | 0 28 2 1 16 12 | 0 28 1 2 16 12 | 
d 6 | 12 4 8 | 28 4 24 | 24 8 16 | 28 16 12 | 28 8 20 | 20 4 16 | 
channel 5 | 0 - - 0 - 0 | 1 - - - 1 2 | 0 - - - 3 0 | 2 - - - 4 5 | 0 - - 1 - 0 | 
tau 1 | 0 | 

uux_ttxg 3 0 0
ccx_ttxg 3 0 0
smin 3 | 12 | 24 | 20 | 
smax 3 | 0 16 | 0 4 | 0 8 | 
p 3 | 0 12 0 0 | 6 24 1 1 | 6 20 2 2 | 
f 0 | 
t 2 | 0 28 2 1 16 12 | 0 28 1 2 16 12 | 
d 6 | 12 4 8 | 28 4 24 | 24 8 16 | 28 16 12 | 28 8 20 | 20 4 16 | 
channel 5 | 0 - - 0 - 0 | 1 - - - 1 2 | 0 - - - 3 0 | 2 - - - 4 5 | 0 - - 1 - 0 | 
tau 1 | 0 | 

bbx_ttxg 3 0 0
smin 3 | 12 | 24 | 20 | 
smax 3 | 0 16 | 0 4 | 0 8 | 
p 3 | 0 12 0 0 | 6 24 1 1 | 6 20 2 2 | 
f 0 | 
t 2 | 5 28 2 1 16 12 | 5 28 1 2 16 12 | 
d 6 | 12 4 8 | 28 4 24 | 24 8 16 | 28 16 12 | 28 8 20 | 20 4 16 | 
channel 5 | 0 - - 0 - 0 | 1 - - - 1 2 | 0 - - - 3 0 | 2 - - - 4 5 | 0 - - 1 - 0 | 
tau 1 | 0 | 

